李杰灵	1783497251	4019382	7
小晴Kiwa	7506905842	850241	8
钟文泽	1906286443	3324730	9
定焦数码	5821279480	2452126	10
李大锤同学	2403484123	2299316	11
科技小辛	1595443924	1988136	12
搞机圈的那些事	3808007273	6226041	13
我是HYK	3309403941	2484692	14
麦子俊i	2575008657	498135	15
科技疯汇	2194868354	4537682	16
大米评测	1871821935	3423770	17
神得强Steven	1315420805	11485524	18
6GHz	6268978677	453096	19
flypig	1639529981	1772641	20
迪仔Dizzz	5167198527	8324496	21
薛定谔的英短咕咕咕	6202265538	523508	22
京城数码爷	5230977479	757427	23
UNCLE疯叔	2322312760	672903	24
i冰宇宙	5673255066	1685437	25
卢伟冰	1892653244	3709801	26
馨心_Mia	2692299095	264768	27
楼斌Robin	2814493542	2044346	28
搞机王腾霄	2030935042	4040513	29
C科技	1823630913	2934060	30
锋潮科技	1796445350	3197888	31
骆智慧	6036510456	3783029	32
一枚搞机的原子弹	1974514450	2237160	33
Chills牙牙	6560668913	571863	34
吴小杰WJie	2292724833	6951303	35
超维界	5530437862	45959	36
Kang	1694917363	896068	37
ColorOS陈希	1645677583	349583	38
肉呆大魔王	1527347404	1241717	39
白问科技	7239083016	1440144	40
灵感研究所	6278171447	1064545	41
燕山派	2128372982	2139789	42
欧阳潼舢	1644519931	1073025	43
兔撕机	1770154187	1848200	44
怕不是小小白	5834233789	574445	45
机圈小红帽	7551916078	1414081	46
陈曦	1738877650	6946655	47
科技头条	1923390687	4226910	48
科技密码	1576974584	2103141	49
曾子言	1744122475	1921385	50
小马甲不小	7796793293	145966	51
关同学GiM	6084203417	1318096	52
猫贰Max	5664787417	1146843	53
数字尾巴	1726544024	6000926	54
大肥皂	2281454430	1153385	55
测评君	3962657498	2969641	56
阿正很硬	5311801448	547459	57
闪电三号威哥	5400615748	281316	58
宅数码Kael	5447539352	1647685	59
小蒜苗学长	7679590479	177809	60
RD观测	7928198622	182446	61
我是陈塘关李靖	3622297017	635899	62
梦想家陈轶亮	2880620770	2308075	63
机氪	2184750391	3064215	64
科技喵	1866792355	2635781	65
刹那数码	5143897135	1540553	66
郭丶静	1768104017	175123	67
夹心妹妹	6190513262	1251535	68
负三代	2743487997	2075284	69
羊驼的睡衣	5801748561	1476026	70
番茄殿下	7339743650	1146346	71
差评君	5734325998	2527437	72
毒舌数码	1563458343	3131995	73
熊本科技	2554757470	2916627	74
梁小评	2561744167	2919147	75
鸡老师的肉身	5466550668	865298	76
张庆宣	6533874763	1469894	77
OPPO乔家栋	7985459413	215771	78
WHYLAB	2430711645	1343345	79
懒酱的日记本	6265874748	441502	80
科技小布	2398012105	629374	81
智慧皮卡丘	5888095979	731938	82
DSP-Charles	6327032710	640905	83
差评帝	5825150043	826330	84
馮偉文	1648894531	1241376	85
请不要叫我测评君	5499569797	1450412	86
科技Finder	5874097950	505222	87
林木羽	6500501407	217270	88
影石刘靖康	2955878834	205968	89
点芯小宅	1051749147	462016	90
科技阿南	6333374808	1451783	91
且听Phone吟	1658749840	1717829	92
科技怪咖	3103286013	1416536	93
缪特mt	7871463520	456448	94
GeeK老王	2772978773	2043661	95
测评小铺	5346192785	676537	96
Oneline科技	5714719345	263207	97
梁一鸣Max	3175087234	970646	98
码哥评测	2182231263	3278062	99
趣评测五花肉	2184853833	2097898	100
荣耀方飞	7568583258	331094	101
李杰Louis	7582893032	2886846	102
王一梗	5856749806	1273109	103
薛亦樊	1623235192	998716	104
科技Daily	5327483983	2316041	105
笨笨搞机	5132930861	2563832	106
MebiuW	1502169164	481034	107
一格	3127526680	1265668	108
极客村长	1870795791	4860459	109
魏布斯	1758102755	1641090	110
豆子发了芽	2103472401	931512	111
正经的阿B	6834454269	511166	112
旺仔百事通	6288169783	921196	113
通信老柳	1144393351	1378223	114
LeoGo科技	6933884384	1398115	115
OPPO周意保	5313402944	329144	116
肥威	1778375693	846468	117
白石fan	1912418597	1058461	118
这里是AiUV	5388050071	319000	119
张梦龙	2863918220	5314119	120
无颜祖	6301459283	1157144	121
vivo韩伯啸	3657968361	571118	122
牛丸科技	2002020501	1687979	123
大狸子切切里	6796117828	1586820	124
黄博徽	3560826044	821900	125
科技有趣玩	5702631406	3221330	126
聪明小田	7550631718	1021178	127
OPPO卓世杰	9046073016	111684	128
宇飞视界	3780537534	2064166	129
熊姐	5289935988	3053845	130
老陈Air	5684285457	22524	131
元科技	6660905731	173805	132
园姐	3825067581	4206177	133
fenibook	1935347241	437345	134
影视飓风MediaStorm	1044980795	1840940	135
花生説	3932471637	1308590	136
科技开	1751063204	1827980	137
Cici_老魏	1678020401	560034	138
阿泰的深夜评测	1553186924	1783404	139
Eva的科技生活	2886358364	1942744	140
钱威不是V	5465759725	495162	141
科技小宇	5058728546	6152416	142
叫我科技暴龙	1940610721	581542	143
贾敬华	1157539917	1162407	144
小牛德克	1230780803	267645	145
机海风云	2435407712	524577	146
路飞科技说	1162629521	1946045	147
魔法师蛋小丁	2213561393	538034	148
草哥不慌	1915209417	836191	149
陈抱一	5395738687	395764	150
闪飞	5609650132	1444423	151
陈波_小米生态链	1935819595	448654	152
硬哥	1775948951	1882049	153
黑评VVV	6290642101	535905	154
凛光暗切Rendez	7823933359	52254	155
笪屹超人	2342241412	2333978	156
新评科技	3306388887	425300	157
逆铭Niming	3819023156	154025	158
钱多多测评	6074930760	5568022	159
BugOS技术组	3146485692	207787	160
王自如AI	1734741902	2234941	161
Min丨泯	1941998575	377759	162
梁小欣同学	3766814100	1633266	163
科技有意思	3645472467	2048775	164
Navis-慢点评测	3513171522	708145	165
橙红Iris	6629783551	426139	166
囧鸽	5823180089	1246582	167
阿平YVES	6416483554	634209	168
短的发布会	2799280357	1609854	169
科技数码说	2039556740	2194834	170
勇气MAX	7109370363	2244610	171
智慧芯片案内人	5932872950	201887	172
奥拉猪汪	2203951974	1003382	173
科技小公举	3610415015	1402239	174
老爆科技	1210347234	1219112	175
斗室听澜	3938655475	221622	176
铭科技	3661255502	1303963	177
哆啦美佳	6542962814	2718448	178
Braum先森	1176222671	1425711	179
老师好我叫何同学	6529876887	3904168	180
毒德科技	7550478438	1029593	181
涛哥爱拆机	1859683200	382573	182
于忠国	1642333454	1294580	183
Vetrax嚣张卫视	1668726803	577319	184
叽歪数码	3250980252	446701	185
真养猫的哈士奇	5793009820	245563	186
先看评测	6508883400	673633	187
4WHAT	7719155758	253829	188
石头搞机	2017327511	385320	189
猹猹末班车	3117570087	1069503	190
鲁卡利欧Luka	2038462575	987998	191
i王石头	1751603632	256225	192
科技小焱	6419467069	2031798	193
艾同学阿	5259310525	2499349	194
谢顶妹妹	7549758301	2155585	195
趣评测	7342639312	253272	196
Jacob_Tech	3915081484	2582080	197
体验more	3108827753	714928	198
爱机少年	7519397082	1618608	199
许斐	1711672842	343675	200